2026010001
2026010006
2026010007
2026010003
2026010004
2026010002
2026010005
2026010008
2026010009
2026010011
2026010013
2026010010
2026010012
2026010014
2026010016
2026010017
2026010019
2026010020
2026010022
2026010015
2026010018
2026010021
2026010024
2026010025
2026010026
2026010027
2026010028
2026010023
2026010029
2026010031
2026010030
2026010032
2026010035
2026010036
2026010034
2026010033
2026010040
2026010041
2026010043
2026010044
2026010045
2026010046
2026010042
2026010037
2026010038
2026010039
2026010047
2026010049
2026010051
2026010050
2026010048
2026010053
2026010055
2026010052
2026010054
2026010057
2026010059
2026010056
2026010058
2026010061
2026010064
2026010065
2026010062
2026010060
2026010063
2026020001
2026020002
2026020003
2026020004
2026020005
2026020006
2026020008
2026020007
2026020009
2026020010
2026020011
2026020012
2026020014
2026020013
2026020015
2026020016
2026020017
2026020018
2026020019
2026020020
2026020021
2026020022
2026020023
2026020024
2026020025
2026020026
2026020027
2026020028
2026020029
2026020030
2026020031
2026020032
2026020033
2026020034
